0,0.0392332,0.078406,0.117458,0.156329,0.194958,0.233287,0.271257,0.308808,0.345883,0.382424,0.418376,0.453683,0.48829,0.522145,0.555194,0.587387,0.618675,0.649008,0.678341,0.706628,0.733825,0.759891,0.784785,0.808469,0.830907,0.852063,0.871905,0.890403,0.907528,0.923254,0.937556,0.950413,0.961804,0.971712,0.980121,0.98702,0.992396,0.996242,0.998552,0.999323,0.998552,0.996242,0.992396,0.98702,0.980121,0.971712,0.961804,0.950413,0.937556,0.923254,0.907528,0.890403,0.871905,0.852063,0.830907,0.808469,0.784785,0.759891,0.733825,0.706628,0.678341,0.649008,0.618675,0.587387,0.555194,0.522145,0.48829,0.453683,0.418376,0.382424,0.345883,0.308808,0.271257,0.233287,0.194958,0.156329,0.117458,0.078406,0.0392332,4.43235e-17,-0.0392332,-0.078406,-0.117458,-0.156329,-0.194958,-0.233287,-0.271257,-0.308808,-0.345883,-0.382424,-0.418376,-0.453683,-0.48829,-0.522145,-0.555194,-0.587387,-0.618675,-0.649008,-0.678341,-0.706628,-0.733825,-0.759891,-0.784785,-0.808469,-0.830907,-0.852063,-0.871905,-0.890403,-0.907528,-0.923254,-0.937556,-0.950413,-0.961804,-0.971712,-0.980121,-0.98702,-0.992396,-0.996242,-0.998552,-0.999323,-0.998552,-0.996242,-0.992396,-0.98702,-0.980121,-0.971712,-0.961804,-0.950413,-0.937556,-0.923254,-0.907528,-0.890403,-0.871905,-0.852063,-0.830907,-0.808469,-0.784785,-0.759891,-0.733825,-0.706628,-0.678341,-0.649008,-0.618675,-0.587387,-0.555194,-0.522145,-0.48829,-0.453683,-0.418376,-0.382424,-0.345883,-0.308808,-0.271257,-0.233287,-0.194958,-0.156329,-0.117458,-0.078406,-0.0392332,0
0,0.0391425,0.0782246,0.117186,0.155967,0.194507,0.232748,0.270629,0.308093,0.345083,0.38154,0.417408,0.452634,0.487161,0.520937,0.55391,0.586028,0.617243,0.647507,0.676772,0.704993,0.732128,0.758133,0.78297,0.806599,0.828984,0.850092,0.869888,0.888343,0.905429,0.921118,0.935387,0.948214,0.959578,0.969463,0.977854,0.984736,0.9901,0.993938,0.996242,0.997011,0.996242,0.993938,0.9901,0.984736,0.977854,0.969463,0.959578,0.948214,0.935387,0.921118,0.905429,0.888343,0.869888,0.850092,0.828984,0.806599,0.78297,0.758133,0.732128,0.704993,0.676772,0.647507,0.617243,0.586028,0.55391,0.520937,0.487161,0.452634,0.417408,0.38154,0.345083,0.308093,0.270629,0.232748,0.194507,0.155967,0.117186,0.0782246,0.0391425,6.88262e-17,-0.0391425,-0.0782246,-0.117186,-0.155967,-0.194507,-0.232748,-0.270629,-0.308093,-0.345083,-0.38154,-0.417408,-0.452634,-0.487161,-0.520937,-0.55391,-0.586028,-0.617243,-0.647507,-0.676772,-0.704993,-0.732128,-0.758133,-0.78297,-0.806599,-0.828984,-0.850092,-0.869888,-0.888343,-0.905429,-0.921118,-0.935387,-0.948214,-0.959578,-0.969463,-0.977854,-0.984736,-0.9901,-0.993938,-0.996242,-0.997011,-0.996242,-0.993938,-0.9901,-0.984736,-0.977854,-0.969463,-0.959578,-0.948214,-0.935387,-0.921118,-0.905429,-0.888343,-0.869888,-0.850092,-0.828984,-0.806599,-0.78297,-0.758133,-0.732128,-0.704993,-0.676772,-0.647507,-0.617243,-0.586028,-0.55391,-0.520937,-0.487161,-0.452634,-0.417408,-0.38154,-0.345083,-0.308093,-0.270629,-0.232748,-0.194507,-0.155967,-0.117186,-0.0782246,-0.0391425,0
0,0.0389913,0.0779226,0.116734,0.155365,0.193756,0.231849,0.269584,0.306904,0.34375,0.380067,0.415797,0.450886,0.48528,0.518926,0.551771,0.583766,0.61486,0.645007,0.674159,0.702271,0.729301,0.755206,0.779947,0.803485,0.825784,0.84681,0.86653,0.884914,0.901933,0.917562,0.931776,0.944553,0.955874,0.965721,0.974078,0.980934,0.986278,0.9901,0.992396,0.993162,0.992396,0.9901,0.986278,0.980934,0.974078,0.965721,0.955874,0.944553,0.931776,0.917562,0.901933,0.884914,0.86653,0.84681,0.825784,0.803485,0.779947,0.755206,0.729301,0.702271,0.674159,0.645007,0.61486,0.583766,0.551771,0.518926,0.48528,0.450886,0.415797,0.380067,0.34375,0.306904,0.269584,0.231849,0.193756,0.155365,0.116734,0.0779226,0.0389913,4.95897e-17,-0.0389913,-0.0779226,-0.116734,-0.155365,-0.193756,-0.231849,-0.269584,-0.306904,-0.34375,-0.380067,-0.415797,-0.450886,-0.48528,-0.518926,-0.551771,-0.583766,-0.61486,-0.645007,-0.674159,-0.702271,-0.729301,-0.755206,-0.779947,-0.803485,-0.825784,-0.84681,-0.86653,-0.884914,-0.901933,-0.917562,-0.931776,-0.944553,-0.955874,-0.965721,-0.974078,-0.980934,-0.986278,-0.9901,-0.992396,-0.993162,-0.992396,-0.9901,-0.986278,-0.980934,-0.974078,-0.965721,-0.955874,-0.944553,-0.931776,-0.917562,-0.901933,-0.884914,-0.86653,-0.84681,-0.825784,-0.803485,-0.779947,-0.755206,-0.729301,-0.702271,-0.674159,-0.645007,-0.61486,-0.583766,-0.551771,-0.518926,-0.48528,-0.450886,-0.415797,-0.380067,-0.34375,-0.306904,-0.269584,-0.231849,-0.193756,-0.155365,-0.116734,-0.0779226,-0.0389913,0
0,0.0387801,0.0775004,0.116101,0.154523,0.192707,0.230593,0.268124,0.305241,0.341888,0.378007,0.413544,0.448443,0.482651,0.516114,0.548782,0.580603,0.611529,0.641513,0.670507,0.698467,0.72535,0.751115,0.775721,0.799132,0.82131,0.842222,0.861835,0.880119,0.897047,0.912591,0.926728,0.939436,0.950695,0.960489,0.968801,0.97562,0.980934,0.984736,0.98702,0.987781,0.98702,0.984736,0.980934,0.97562,0.968801,0.960489,0.950695,0.939436,0.926728,0.912591,0.897047,0.880119,0.861835,0.842222,0.82131,0.799132,0.775721,0.751115,0.72535,0.698467,0.670507,0.641513,0.611529,0.580603,0.548782,0.516114,0.482651,0.448443,0.413544,0.378007,0.341888,0.305241,0.268124,0.230593,0.192707,0.154523,0.116101,0.0775004,0.0387801,6.24646e-17,-0.0387801,-0.0775004,-0.116101,-0.154523,-0.192707,-0.230593,-0.268124,-0.305241,-0.341888,-0.378007,-0.413544,-0.448443,-0.482651,-0.516114,-0.548782,-0.580603,-0.611529,-0.641513,-0.670507,-0.698467,-0.72535,-0.751115,-0.775721,-0.799132,-0.82131,-0.842222,-0.861835,-0.880119,-0.897047,-0.912591,-0.926728,-0.939436,-0.950695,-0.960489,-0.968801,-0.97562,-0.980934,-0.984736,-0.98702,-0.987781,-0.98702,-0.984736,-0.980934,-0.97562,-0.968801,-0.960489,-0.950695,-0.939436,-0.926728,-0.912591,-0.897047,-0.880119,-0.861835,-0.842222,-0.82131,-0.799132,-0.775721,-0.751115,-0.72535,-0.698467,-0.670507,-0.641513,-0.611529,-0.580603,-0.548782,-0.516114,-0.482651,-0.448443,-0.413544,-0.378007,-0.341888,-0.305241,-0.268124,-0.230593,-0.192707,-0.154523,-0.116101,-0.0775004,-0.0387801,0
0,0.0385091,0.0769588,0.11529,0.153443,0.19136,0.228981,0.26625,0.303108,0.339498,0.375366,0.410654,0.445309,0.479278,0.512507,0.544946,0.576545,0.607255,0.637029,0.66582,0.693585,0.72028,0.745865,0.7703,0.793547,0.81557,0.836335,0.855812,0.873968,0.890777,0.906213,0.920251,0.93287,0.944051,0.953776,0.96203,0.968801,0.974078,0.977854,0.980121,0.980877,0.980121,0.977854,0.974078,0.968801,0.96203,0.953776,0.944051,0.93287,0.920251,0.906213,0.890777,0.873968,0.855812,0.836335,0.81557,0.793547,0.7703,0.745865,0.72028,0.693585,0.66582,0.637029,0.607255,0.576545,0.544946,0.512507,0.479278,0.445309,0.410654,0.375366,0.339498,0.303108,0.26625,0.228981,0.19136,0.153443,0.11529,0.0769588,0.0385091,5.4486e-17,-0.0385091,-0.0769588,-0.11529,-0.153443,-0.19136,-0.228981,-0.26625,-0.303108,-0.339498,-0.375366,-0.410654,-0.445309,-0.479278,-0.512507,-0.544946,-0.576545,-0.607255,-0.637029,-0.66582,-0.693585,-0.72028,-0.745865,-0.7703,-0.793547,-0.81557,-0.836335,-0.855812,-0.873968,-0.890777,-0.906213,-0.920251,-0.93287,-0.944051,-0.953776,-0.96203,-0.968801,-0.974078,-0.977854,-0.980121,-0.980877,-0.980121,-0.977854,-0.974078,-0.968801,-0.96203,-0.953776,-0.944051,-0.93287,-0.920251,-0.906213,-0.890777,-0.873968,-0.855812,-0.836335,-0.81557,-0.793547,-0.7703,-0.745865,-0.72028,-0.693585,-0.66582,-0.637029,-0.607255,-0.576545,-0.544946,-0.512507,-0.479278,-0.445309,-0.410654,-0.375366,-0.339498,-0.303108,-0.26625,-0.228981,-0.19136,-0.153443,-0.11529,-0.0769588,-0.0385091,0
0,0.0381787,0.0762984,0.114301,0.152126,0.189718,0.227017,0.263965,0.300507,0.336585,0.372145,0.40713,0.441488,0.475165,0.50811,0.540271,0.571598,0.602045,0.631563,0.660107,0.687634,0.7141,0.739465,0.76369,0.786738,0.808572,0.82916,0.848469,0.866469,0.883134,0.898437,0.912355,0.924866,0.93595,0.945592,0.953776,0.960489,0.965721,0.969463,0.971712,0.972461,0.971712,0.969463,0.965721,0.960489,0.953776,0.945592,0.93595,0.924866,0.912355,0.898437,0.883134,0.866469,0.848469,0.82916,0.808572,0.786738,0.76369,0.739465,0.7141,0.687634,0.660107,0.631563,0.602045,0.571598,0.540271,0.50811,0.475165,0.441488,0.40713,0.372145,0.336585,0.300507,0.263965,0.227017,0.189718,0.152126,0.114301,0.0762984,0.0381787,5.61776e-17,-0.0381787,-0.0762984,-0.114301,-0.152126,-0.189718,-0.227017,-0.263965,-0.300507,-0.336585,-0.372145,-0.40713,-0.441488,-0.475165,-0.50811,-0.540271,-0.571598,-0.602045,-0.631563,-0.660107,-0.687634,-0.7141,-0.739465,-0.76369,-0.786738,-0.808572,-0.82916,-0.848469,-0.866469,-0.883134,-0.898437,-0.912355,-0.924866,-0.93595,-0.945592,-0.953776,-0.960489,-0.965721,-0.969463,-0.971712,-0.972461,-0.971712,-0.969463,-0.965721,-0.960489,-0.953776,-0.945592,-0.93595,-0.924866,-0.912355,-0.898437,-0.883134,-0.866469,-0.848469,-0.82916,-0.808572,-0.786738,-0.76369,-0.739465,-0.7141,-0.687634,-0.660107,-0.631563,-0.602045,-0.571598,-0.540271,-0.50811,-0.475165,-0.441488,-0.40713,-0.372145,-0.336585,-0.300507,-0.263965,-0.227017,-0.189718,-0.152126,-0.114301,-0.0762984,-0.0381787,0
0,0.0377894,0.0755205,0.113135,0.150575,0.187783,0.224702,0.261274,0.297443,0.333153,0.36835,0.402979,0.436987,0.47032,0.502929,0.534762,0.56577,0.595906,0.625123,0.653377,0.680623,0.706819,0.731925,0.755903,0.778716,0.800327,0.820705,0.839817,0.857634,0.874129,0.889276,0.903052,0.915435,0.926407,0.93595,0.944051,0.950695,0.955874,0.959578,0.961804,0.962546,0.961804,0.959578,0.955874,0.950695,0.944051,0.93595,0.926407,0.915435,0.903052,0.889276,0.874129,0.857634,0.839817,0.820705,0.800327,0.778716,0.755903,0.731925,0.706819,0.680623,0.653377,0.625123,0.595906,0.56577,0.534762,0.502929,0.47032,0.436987,0.402979,0.36835,0.333153,0.297443,0.261274,0.224702,0.187783,0.150575,0.113135,0.0755205,0.0377894,5.52019e-17,-0.0377894,-0.0755205,-0.113135,-0.150575,-0.187783,-0.224702,-0.261274,-0.297443,-0.333153,-0.36835,-0.402979,-0.436987,-0.47032,-0.502929,-0.534762,-0.56577,-0.595906,-0.625123,-0.653377,-0.680623,-0.706819,-0.731925,-0.755903,-0.778716,-0.800327,-0.820705,-0.839817,-0.857634,-0.874129,-0.889276,-0.903052,-0.915435,-0.926407,-0.93595,-0.944051,-0.950695,-0.955874,-0.959578,-0.961804,-0.962546,-0.961804,-0.959578,-0.955874,-0.950695,-0.944051,-0.93595,-0.926407,-0.915435,-0.903052,-0.889276,-0.874129,-0.857634,-0.839817,-0.820705,-0.800327,-0.778716,-0.755903,-0.731925,-0.706819,-0.680623,-0.653377,-0.625123,-0.595906,-0.56577,-0.534762,-0.502929,-0.47032,-0.436987,-0.402979,-0.36835,-0.333153,-0.297443,-0.261274,-0.224702,-0.187783,-0.150575,-0.113135,-0.0755205,-0.0377894,0
0,0.0373418,0.074626,0.111795,0.148792,0.185559,0.222041,0.258179,0.29392,0.329208,0.363988,0.398206,0.431811,0.46475,0.496972,0.528428,0.55907,0.588849,0.61772,0.645639,0.672562,0.698448,0.723257,0.746951,0.769493,0.790849,0.810985,0.829871,0.847477,0.863777,0.878744,0.892357,0.904593,0.915435,0.924866,0.93287,0.939436,0.944553,0.948214,0.950413,0.951146,0.950413,0.948214,0.944553,0.939436,0.93287,0.924866,0.915435,0.904593,0.892357,0.878744,0.863777,0.847477,0.829871,0.810985,0.790849,0.769493,0.746951,0.723257,0.698448,0.672562,0.645639,0.61772,0.588849,0.55907,0.528428,0.496972,0.46475,0.431811,0.398206,0.363988,0.329208,0.29392,0.258179,0.222041,0.185559,0.148792,0.111795,0.074626,0.0373418,5.55896e-17,-0.0373418,-0.074626,-0.111795,-0.148792,-0.185559,-0.222041,-0.258179,-0.29392,-0.329208,-0.363988,-0.398206,-0.431811,-0.46475,-0.496972,-0.528428,-0.55907,-0.588849,-0.61772,-0.645639,-0.672562,-0.698448,-0.723257,-0.746951,-0.769493,-0.790849,-0.810985,-0.829871,-0.847477,-0.863777,-0.878744,-0.892357,-0.904593,-0.915435,-0.924866,-0.93287,-0.939436,-0.944553,-0.948214,-0.950413,-0.951146,-0.950413,-0.948214,-0.944553,-0.939436,-0.93287,-0.924866,-0.915435,-0.904593,-0.892357,-0.878744,-0.863777,-0.847477,-0.829871,-0.810985,-0.790849,-0.769493,-0.746951,-0.723257,-0.698448,-0.672562,-0.645639,-0.61772,-0.588849,-0.55907,-0.528428,-0.496972,-0.46475,-0.431811,-0.398206,-0.363988,-0.329208,-0.29392,-0.258179,-0.222041,-0.185559,-0.148792,-0.111795,-0.074626,-0.0373418,0
0,0.0368367,0.0736166,0.110283,0.146779,0.183049,0.219037,0.254687,0.289944,0.324755,0.359064,0.39282,0.42597,0.458463,0.49025,0.52128,0.551507,0.580883,0.609364,0.636905,0.663464,0.689,0.713473,0.736847,0.759084,0.780151,0.800015,0.818645,0.836013,0.852092,0.866857,0.880286,0.892357,0.903052,0.912355,0.920251,0.926728,0.931776,0.935387,0.937556,0.938279,0.937556,0.935387,0.931776,0.926728,0.920251,0.912355,0.903052,0.892357,0.880286,0.866857,0.852092,0.836013,0.818645,0.800015,0.780151,0.759084,0.736847,0.713473,0.689,0.663464,0.636905,0.609364,0.580883,0.551507,0.52128,0.49025,0.458463,0.42597,0.39282,0.359064,0.324755,0.289944,0.254687,0.219037,0.183049,0.146779,0.110283,0.0736166,0.0368367,5.18723e-17,-0.0368367,-0.0736166,-0.110283,-0.146779,-0.183049,-0.219037,-0.254687,-0.289944,-0.324755,-0.359064,-0.39282,-0.42597,-0.458463,-0.49025,-0.52128,-0.551507,-0.580883,-0.609364,-0.636905,-0.663464,-0.689,-0.713473,-0.736847,-0.759084,-0.780151,-0.800015,-0.818645,-0.836013,-0.852092,-0.866857,-0.880286,-0.892357,-0.903052,-0.912355,-0.920251,-0.926728,-0.931776,-0.935387,-0.937556,-0.938279,-0.937556,-0.935387,-0.931776,-0.926728,-0.920251,-0.912355,-0.903052,-0.892357,-0.880286,-0.866857,-0.852092,-0.836013,-0.818645,-0.800015,-0.780151,-0.759084,-0.736847,-0.713473,-0.689,-0.663464,-0.636905,-0.609364,-0.580883,-0.551507,-0.52128,-0.49025,-0.458463,-0.42597,-0.39282,-0.359064,-0.324755,-0.289944,-0.254687,-0.219037,-0.183049,-0.146779,-0.110283,-0.0736166,-0.0368367,0
0,0.0362747,0.0724936,0.108601,0.14454,0.180257,0.215696,0.250802,0.285521,0.319801,0.353587,0.386828,0.419472,0.45147,0.482771,0.513328,0.543094,0.572022,0.600068,0.627189,0.653343,0.678489,0.70259,0.725606,0.747504,0.76825,0.787811,0.806157,0.82326,0.839094,0.853634,0.866857,0.878744,0.889276,0.898437,0.906213,0.912591,0.917562,0.921118,0.923254,0.923966,0.923254,0.921118,0.917562,0.912591,0.906213,0.898437,0.889276,0.878744,0.866857,0.853634,0.839094,0.82326,0.806157,0.787811,0.76825,0.747504,0.725606,0.70259,0.678489,0.653343,0.627189,0.600068,0.572022,0.543094,0.513328,0.482771,0.45147,0.419472,0.386828,0.353587,0.319801,0.285521,0.250802,0.215696,0.180257,0.14454,0.108601,0.0724936,0.0362747,5.47415e-17,-0.0362747,-0.0724936,-0.108601,-0.14454,-0.180257,-0.215696,-0.250802,-0.285521,-0.319801,-0.353587,-0.386828,-0.419472,-0.45147,-0.482771,-0.513328,-0.543094,-0.572022,-0.600068,-0.627189,-0.653343,-0.678489,-0.70259,-0.725606,-0.747504,-0.76825,-0.787811,-0.806157,-0.82326,-0.839094,-0.853634,-0.866857,-0.878744,-0.889276,-0.898437,-0.906213,-0.912591,-0.917562,-0.921118,-0.923254,-0.923966,-0.923254,-0.921118,-0.917562,-0.912591,-0.906213,-0.898437,-0.889276,-0.878744,-0.866857,-0.853634,-0.839094,-0.82326,-0.806157,-0.787811,-0.76825,-0.747504,-0.725606,-0.70259,-0.678489,-0.653343,-0.627189,-0.600068,-0.572022,-0.543094,-0.513328,-0.482771,-0.45147,-0.419472,-0.386828,-0.353587,-0.319801,-0.285521,-0.250802,-0.215696,-0.180257,-0.14454,-0.108601,-0.0724936,-0.0362747,0
0,0.0356569,0.0712588,0.106751,0.142078,0.177187,0.212022,0.24653,0.280658,0.314353,0.347564,0.380239,0.412327,0.44378,0.474548,0.504585,0.533843,0.562279,0.589847,0.616506,0.642215,0.666933,0.690622,0.713247,0.734772,0.755164,0.774392,0.792426,0.809238,0.824802,0.839094,0.852092,0.863777,0.874129,0.883134,0.890777,0.897047,0.901933,0.905429,0.907528,0.908228,0.907528,0.905429,0.901933,0.897047,0.890777,0.883134,0.874129,0.863777,0.852092,0.839094,0.824802,0.809238,0.792426,0.774392,0.755164,0.734772,0.713247,0.690622,0.666933,0.642215,0.616506,0.589847,0.562279,0.533843,0.504585,0.474548,0.44378,0.412327,0.380239,0.347564,0.314353,0.280658,0.24653,0.212022,0.177187,0.142078,0.106751,0.0712588,0.0356569,4.32517e-17,-0.0356569,-0.0712588,-0.106751,-0.142078,-0.177187,-0.212022,-0.24653,-0.280658,-0.314353,-0.347564,-0.380239,-0.412327,-0.44378,-0.474548,-0.504585,-0.533843,-0.562279,-0.589847,-0.616506,-0.642215,-0.666933,-0.690622,-0.713247,-0.734772,-0.755164,-0.774392,-0.792426,-0.809238,-0.824802,-0.839094,-0.852092,-0.863777,-0.874129,-0.883134,-0.890777,-0.897047,-0.901933,-0.905429,-0.907528,-0.908228,-0.907528,-0.905429,-0.901933,-0.897047,-0.890777,-0.883134,-0.874129,-0.863777,-0.852092,-0.839094,-0.824802,-0.809238,-0.792426,-0.774392,-0.755164,-0.734772,-0.713247,-0.690622,-0.666933,-0.642215,-0.616506,-0.589847,-0.562279,-0.533843,-0.504585,-0.474548,-0.44378,-0.412327,-0.380239,-0.347564,-0.314353,-0.280658,-0.24653,-0.212022,-0.177187,-0.142078,-0.106751,-0.0712588,-0.0356569,0
0,0.034984,0.0699141,0.104736,0.139397,0.173843,0.208021,0.241878,0.275362,0.308422,0.341005,0.373064,0.404547,0.435406,0.465593,0.495063,0.52377,0.551669,0.578717,0.604873,0.630096,0.654348,0.67759,0.699788,0.720907,0.740914,0.759779,0.777473,0.793967,0.809238,0.82326,0.836013,0.847477,0.857634,0.866469,0.873968,0.880119,0.884914,0.888343,0.890403,0.89109,0.890403,0.888343,0.884914,0.880119,0.873968,0.866469,0.857634,0.847477,0.836013,0.82326,0.809238,0.793967,0.777473,0.759779,0.740914,0.720907,0.699788,0.67759,0.654348,0.630096,0.604873,0.578717,0.551669,0.52377,0.495063,0.465593,0.435406,0.404547,0.373064,0.341005,0.308422,0.275362,0.241878,0.208021,0.173843,0.139397,0.104736,0.0699141,0.034984,5.44531e-17,-0.034984,-0.0699141,-0.104736,-0.139397,-0.173843,-0.208021,-0.241878,-0.275362,-0.308422,-0.341005,-0.373064,-0.404547,-0.435406,-0.465593,-0.495063,-0.52377,-0.551669,-0.578717,-0.604873,-0.630096,-0.654348,-0.67759,-0.699788,-0.720907,-0.740914,-0.759779,-0.777473,-0.793967,-0.809238,-0.82326,-0.836013,-0.847477,-0.857634,-0.866469,-0.873968,-0.880119,-0.884914,-0.888343,-0.890403,-0.89109,-0.890403,-0.888343,-0.884914,-0.880119,-0.873968,-0.866469,-0.857634,-0.847477,-0.836013,-0.82326,-0.809238,-0.793967,-0.777473,-0.759779,-0.740914,-0.720907,-0.699788,-0.67759,-0.654348,-0.630096,-0.604873,-0.578717,-0.551669,-0.52377,-0.495063,-0.465593,-0.435406,-0.404547,-0.373064,-0.341005,-0.308422,-0.275362,-0.241878,-0.208021,-0.173843,-0.139397,-0.104736,-0.0699141,-0.034984,0
0,0.0342573,0.0684617,0.102561,0.136501,0.170232,0.203699,0.236853,0.269641,0.302014,0.333921,0.365313,0.396142,0.42636,0.455921,0.484778,0.512888,0.540208,0.566694,0.592307,0.617006,0.640754,0.663513,0.68525,0.70593,0.725522,0.743995,0.761321,0.777473,0.792426,0.806157,0.818645,0.829871,0.839817,0.848469,0.855812,0.861835,0.86653,0.869888,0.871905,0.872578,0.871905,0.869888,0.86653,0.861835,0.855812,0.848469,0.839817,0.829871,0.818645,0.806157,0.792426,0.777473,0.761321,0.743995,0.725522,0.70593,0.68525,0.663513,0.640754,0.617006,0.592307,0.566694,0.540208,0.512888,0.484778,0.455921,0.42636,0.396142,0.365313,0.333921,0.302014,0.269641,0.236853,0.203699,0.170232,0.136501,0.102561,0.0684617,0.0342573,4.07571e-17,-0.0342573,-0.0684617,-0.102561,-0.136501,-0.170232,-0.203699,-0.236853,-0.269641,-0.302014,-0.333921,-0.365313,-0.396142,-0.42636,-0.455921,-0.484778,-0.512888,-0.540208,-0.566694,-0.592307,-0.617006,-0.640754,-0.663513,-0.68525,-0.70593,-0.725522,-0.743995,-0.761321,-0.777473,-0.792426,-0.806157,-0.818645,-0.829871,-0.839817,-0.848469,-0.855812,-0.861835,-0.86653,-0.869888,-0.871905,-0.872578,-0.871905,-0.869888,-0.86653,-0.861835,-0.855812,-0.848469,-0.839817,-0.829871,-0.818645,-0.806157,-0.792426,-0.777473,-0.761321,-0.743995,-0.725522,-0.70593,-0.68525,-0.663513,-0.640754,-0.617006,-0.592307,-0.566694,-0.540208,-0.512888,-0.484778,-0.455921,-0.42636,-0.396142,-0.365313,-0.333921,-0.302014,-0.269641,-0.236853,-0.203699,-0.170232,-0.136501,-0.102561,-0.0684617,-0.0342573,0
0,0.0334776,0.0669037,0.100227,0.133395,0.166357,0.199064,0.231463,0.263505,0.295141,0.326322,0.357,0.387127,0.416657,0.445545,0.473746,0.501216,0.527914,0.553798,0.578827,0.602964,0.626172,0.648414,0.669656,0.689865,0.709011,0.727064,0.743995,0.759779,0.774392,0.787811,0.800015,0.810985,0.820705,0.82916,0.836335,0.842222,0.84681,0.850092,0.852063,0.85272,0.852063,0.850092,0.84681,0.842222,0.836335,0.82916,0.820705,0.810985,0.800015,0.787811,0.774392,0.759779,0.743995,0.727064,0.709011,0.689865,0.669656,0.648414,0.626172,0.602964,0.578827,0.553798,0.527914,0.501216,0.473746,0.445545,0.416657,0.387127,0.357,0.326322,0.295141,0.263505,0.231463,0.199064,0.166357,0.133395,0.100227,0.0669037,0.0334776,5.23113e-17,-0.0334776,-0.0669037,-0.100227,-0.133395,-0.166357,-0.199064,-0.231463,-0.263505,-0.295141,-0.326322,-0.357,-0.387127,-0.416657,-0.445545,-0.473746,-0.501216,-0.527914,-0.553798,-0.578827,-0.602964,-0.626172,-0.648414,-0.669656,-0.689865,-0.709011,-0.727064,-0.743995,-0.759779,-0.774392,-0.787811,-0.800015,-0.810985,-0.820705,-0.82916,-0.836335,-0.842222,-0.84681,-0.850092,-0.852063,-0.85272,-0.852063,-0.850092,-0.84681,-0.842222,-0.836335,-0.82916,-0.820705,-0.810985,-0.800015,-0.787811,-0.774392,-0.759779,-0.743995,-0.727064,-0.709011,-0.689865,-0.669656,-0.648414,-0.626172,-0.602964,-0.578827,-0.553798,-0.527914,-0.501216,-0.473746,-0.445545,-0.416657,-0.387127,-0.357,-0.326322,-0.295141,-0.263505,-0.231463,-0.199064,-0.166357,-0.133395,-0.100227,-0.0669037,-0.0334776,0
0,0.0326464,0.0652425,0.097738,0.130083,0.162227,0.194121,0.225716,0.256962,0.287813,0.31822,0.348136,0.377515,0.406312,0.434482,0.461983,0.488771,0.514806,0.540047,0.564455,0.587993,0.610624,0.632314,0.653029,0.672736,0.691407,0.709011,0.725522,0.740914,0.755164,0.76825,0.780151,0.790849,0.800327,0.808572,0.81557,0.82131,0.825784,0.828984,0.830907,0.831548,0.830907,0.828984,0.825784,0.82131,0.81557,0.808572,0.800327,0.790849,0.780151,0.76825,0.755164,0.740914,0.725522,0.709011,0.691407,0.672736,0.653029,0.632314,0.610624,0.587993,0.564455,0.540047,0.514806,0.488771,0.461983,0.434482,0.406312,0.377515,0.348136,0.31822,0.287813,0.256962,0.225716,0.194121,0.162227,0.130083,0.097738,0.0652425,0.0326464,3.73539e-17,-0.0326464,-0.0652425,-0.097738,-0.130083,-0.162227,-0.194121,-0.225716,-0.256962,-0.287813,-0.31822,-0.348136,-0.377515,-0.406312,-0.434482,-0.461983,-0.488771,-0.514806,-0.540047,-0.564455,-0.587993,-0.610624,-0.632314,-0.653029,-0.672736,-0.691407,-0.709011,-0.725522,-0.740914,-0.755164,-0.76825,-0.780151,-0.790849,-0.800327,-0.808572,-0.81557,-0.82131,-0.825784,-0.828984,-0.830907,-0.831548,-0.830907,-0.828984,-0.825784,-0.82131,-0.81557,-0.808572,-0.800327,-0.790849,-0.780151,-0.76825,-0.755164,-0.740914,-0.725522,-0.709011,-0.691407,-0.672736,-0.653029,-0.632314,-0.610624,-0.587993,-0.564455,-0.540047,-0.514806,-0.488771,-0.461983,-0.434482,-0.406312,-0.377515,-0.348136,-0.31822,-0.287813,-0.256962,-0.225716,-0.194121,-0.162227,-0.130083,-0.097738,-0.0652425,-0.0326464,0
0,0.0317648,0.0634807,0.0950987,0.12657,0.157846,0.188879,0.219621,0.250023,0.280041,0.309626,0.338735,0.367321,0.39534,0.42275,0.449508,0.475573,0.500905,0.525464,0.549213,0.572115,0.594135,0.615239,0.635394,0.65457,0.672736,0.689865,0.70593,0.720907,0.734772,0.747504,0.759084,0.769493,0.778716,0.786738,0.793547,0.799132,0.803485,0.806599,0.808469,0.809093,0.808469,0.806599,0.803485,0.799132,0.793547,0.786738,0.778716,0.769493,0.759084,0.747504,0.734772,0.720907,0.70593,0.689865,0.672736,0.65457,0.635394,0.615239,0.594135,0.572115,0.549213,0.525464,0.500905,0.475573,0.449508,0.42275,0.39534,0.367321,0.338735,0.309626,0.280041,0.250023,0.219621,0.188879,0.157846,0.12657,0.0950987,0.0634807,0.0317648,5.0781e-17,-0.0317648,-0.0634807,-0.0950987,-0.12657,-0.157846,-0.188879,-0.219621,-0.250023,-0.280041,-0.309626,-0.338735,-0.367321,-0.39534,-0.42275,-0.449508,-0.475573,-0.500905,-0.525464,-0.549213,-0.572115,-0.594135,-0.615239,-0.635394,-0.65457,-0.672736,-0.689865,-0.70593,-0.720907,-0.734772,-0.747504,-0.759084,-0.769493,-0.778716,-0.786738,-0.793547,-0.799132,-0.803485,-0.806599,-0.808469,-0.809093,-0.808469,-0.806599,-0.803485,-0.799132,-0.793547,-0.786738,-0.778716,-0.769493,-0.759084,-0.747504,-0.734772,-0.720907,-0.70593,-0.689865,-0.672736,-0.65457,-0.635394,-0.615239,-0.594135,-0.572115,-0.549213,-0.525464,-0.500905,-0.475573,-0.449508,-0.42275,-0.39534,-0.367321,-0.338735,-0.309626,-0.280041,-0.250023,-0.219621,-0.188879,-0.157846,-0.12657,-0.0950987,-0.0634807,-0.0317648,0
0,0.0308343,0.061621,0.0923128,0.122862,0.153222,0.183346,0.213187,0.242699,0.271837,0.300556,0.328811,0.35656,0.383759,0.410366,0.43634,0.461641,0.486231,0.51007,0.533124,0.555355,0.57673,0.597216,0.616781,0.635394,0.653029,0.669656,0.68525,0.699788,0.713247,0.725606,0.736847,0.746951,0.755903,0.76369,0.7703,0.775721,0.779947,0.78297,0.784785,0.785391,0.784785,0.78297,0.779947,0.775721,0.7703,0.76369,0.755903,0.746951,0.736847,0.725606,0.713247,0.699788,0.68525,0.669656,0.653029,0.635394,0.616781,0.597216,0.57673,0.555355,0.533124,0.51007,0.486231,0.461641,0.43634,0.410366,0.383759,0.35656,0.328811,0.300556,0.271837,0.242699,0.213187,0.183346,0.153222,0.122862,0.0923128,0.061621,0.0308343,4.15878e-17,-0.0308343,-0.061621,-0.0923128,-0.122862,-0.153222,-0.183346,-0.213187,-0.242699,-0.271837,-0.300556,-0.328811,-0.35656,-0.383759,-0.410366,-0.43634,-0.461641,-0.486231,-0.51007,-0.533124,-0.555355,-0.57673,-0.597216,-0.616781,-0.635394,-0.653029,-0.669656,-0.68525,-0.699788,-0.713247,-0.725606,-0.736847,-0.746951,-0.755903,-0.76369,-0.7703,-0.775721,-0.779947,-0.78297,-0.784785,-0.785391,-0.784785,-0.78297,-0.779947,-0.775721,-0.7703,-0.76369,-0.755903,-0.746951,-0.736847,-0.725606,-0.713247,-0.699788,-0.68525,-0.669656,-0.653029,-0.635394,-0.616781,-0.597216,-0.57673,-0.555355,-0.533124,-0.51007,-0.486231,-0.461641,-0.43634,-0.410366,-0.383759,-0.35656,-0.328811,-0.300556,-0.271837,-0.242699,-0.213187,-0.183346,-0.153222,-0.122862,-0.0923128,-0.061621,-0.0308343,0
0,0.0298562,0.0596664,0.0893845,0.118965,0.148362,0.17753,0.206424,0.235,0.263214,0.291022,0.318381,0.34525,0.371585,0.397348,0.422499,0.446997,0.470807,0.493891,0.516213,0.537739,0.558436,0.578272,0.597216,0.615239,0.632314,0.648414,0.663513,0.67759,0.690622,0.70259,0.713473,0.723257,0.731925,0.739465,0.745865,0.751115,0.755206,0.758133,0.759891,0.760477,0.759891,0.758133,0.755206,0.751115,0.745865,0.739465,0.731925,0.723257,0.713473,0.70259,0.690622,0.67759,0.663513,0.648414,0.632314,0.615239,0.597216,0.578272,0.558436,0.537739,0.516213,0.493891,0.470807,0.446997,0.422499,0.397348,0.371585,0.34525,0.318381,0.291022,0.263214,0.235,0.206424,0.17753,0.148362,0.118965,0.0893845,0.0596664,0.0298562,5.3664e-17,-0.0298562,-0.0596664,-0.0893845,-0.118965,-0.148362,-0.17753,-0.206424,-0.235,-0.263214,-0.291022,-0.318381,-0.34525,-0.371585,-0.397348,-0.422499,-0.446997,-0.470807,-0.493891,-0.516213,-0.537739,-0.558436,-0.578272,-0.597216,-0.615239,-0.632314,-0.648414,-0.663513,-0.67759,-0.690622,-0.70259,-0.713473,-0.723257,-0.731925,-0.739465,-0.745865,-0.751115,-0.755206,-0.758133,-0.759891,-0.760477,-0.759891,-0.758133,-0.755206,-0.751115,-0.745865,-0.739465,-0.731925,-0.723257,-0.713473,-0.70259,-0.690622,-0.67759,-0.663513,-0.648414,-0.632314,-0.615239,-0.597216,-0.578272,-0.558436,-0.537739,-0.516213,-0.493891,-0.470807,-0.446997,-0.422499,-0.397348,-0.371585,-0.34525,-0.318381,-0.291022,-0.263214,-0.235,-0.206424,-0.17753,-0.148362,-0.118965,-0.0893845,-0.0596664,-0.0298562,0
0,0.0288321,0.0576197,0.0863185,0.114884,0.143273,0.17144,0.199344,0.226939,0.254185,0.281039,0.30746,0.333407,0.358839,0.383719,0.408006,0.431664,0.454657,0.476949,0.498505,0.519293,0.53928,0.558436,0.57673,0.594135,0.610624,0.626172,0.640754,0.654348,0.666933,0.678489,0.689,0.698448,0.706819,0.7141,0.72028,0.72535,0.729301,0.732128,0.733825,0.734391,0.733825,0.732128,0.729301,0.72535,0.72028,0.7141,0.706819,0.698448,0.689,0.678489,0.666933,0.654348,0.640754,0.626172,0.610624,0.594135,0.57673,0.558436,0.53928,0.519293,0.498505,0.476949,0.454657,0.431664,0.408006,0.383719,0.358839,0.333407,0.30746,0.281039,0.254185,0.226939,0.199344,0.17144,0.143273,0.114884,0.0863185,0.0576197,0.0288321,4.11424e-17,-0.0288321,-0.0576197,-0.0863185,-0.114884,-0.143273,-0.17144,-0.199344,-0.226939,-0.254185,-0.281039,-0.30746,-0.333407,-0.358839,-0.383719,-0.408006,-0.431664,-0.454657,-0.476949,-0.498505,-0.519293,-0.53928,-0.558436,-0.57673,-0.594135,-0.610624,-0.626172,-0.640754,-0.654348,-0.666933,-0.678489,-0.689,-0.698448,-0.706819,-0.7141,-0.72028,-0.72535,-0.729301,-0.732128,-0.733825,-0.734391,-0.733825,-0.732128,-0.729301,-0.72535,-0.72028,-0.7141,-0.706819,-0.698448,-0.689,-0.678489,-0.666933,-0.654348,-0.640754,-0.626172,-0.610624,-0.594135,-0.57673,-0.558436,-0.53928,-0.519293,-0.498505,-0.476949,-0.454657,-0.431664,-0.408006,-0.383719,-0.358839,-0.333407,-0.30746,-0.281039,-0.254185,-0.226939,-0.199344,-0.17144,-0.143273,-0.114884,-0.0863185,-0.0576197,-0.0288321,0
0,0.0277635,0.0554842,0.0831193,0.110626,0.137963,0.165086,0.191955,0.218529,0.244765,0.270623,0.296065,0.32105,0.34554,0.369497,0.392884,0.415666,0.437807,0.459272,0.48003,0.500047,0.519293,0.537739,0.555355,0.572115,0.587993,0.602964,0.617006,0.630096,0.642215,0.653343,0.663464,0.672562,0.680623,0.687634,0.693585,0.698467,0.702271,0.704993,0.706628,0.707173,0.706628,0.704993,0.702271,0.698467,0.693585,0.687634,0.680623,0.672562,0.663464,0.653343,0.642215,0.630096,0.617006,0.602964,0.587993,0.572115,0.555355,0.537739,0.519293,0.500047,0.48003,0.459272,0.437807,0.415666,0.392884,0.369497,0.34554,0.32105,0.296065,0.270623,0.244765,0.218529,0.191955,0.165086,0.137963,0.110626,0.0831193,0.0554842,0.0277635,5.10899e-17,-0.0277635,-0.0554842,-0.0831193,-0.110626,-0.137963,-0.165086,-0.191955,-0.218529,-0.244765,-0.270623,-0.296065,-0.32105,-0.34554,-0.369497,-0.392884,-0.415666,-0.437807,-0.459272,-0.48003,-0.500047,-0.519293,-0.537739,-0.555355,-0.572115,-0.587993,-0.602964,-0.617006,-0.630096,-0.642215,-0.653343,-0.663464,-0.672562,-0.680623,-0.687634,-0.693585,-0.698467,-0.702271,-0.704993,-0.706628,-0.707173,-0.706628,-0.704993,-0.702271,-0.698467,-0.693585,-0.687634,-0.680623,-0.672562,-0.663464,-0.653343,-0.642215,-0.630096,-0.617006,-0.602964,-0.587993,-0.572115,-0.555355,-0.537739,-0.519293,-0.500047,-0.48003,-0.459272,-0.437807,-0.415666,-0.392884,-0.369497,-0.34554,-0.32105,-0.296065,-0.270623,-0.244765,-0.218529,-0.191955,-0.165086,-0.137963,-0.110626,-0.0831193,-0.0554842,-0.0277635,0
0,0.0266521,0.0532631,0.079792,0.106198,0.13244,0.158478,0.184271,0.209781,0.234967,0.25979,0.284213,0.308198,0.331708,0.354706,0.377157,0.399027,0.420281,0.440887,0.460814,0.48003,0.498505,0.516213,0.533124,0.549213,0.564455,0.578827,0.592307,0.604873,0.616506,0.627189,0.636905,0.645639,0.653377,0.660107,0.66582,0.670507,0.674159,0.676772,0.678341,0.678865,0.678341,0.676772,0.674159,0.670507,0.66582,0.660107,0.653377,0.645639,0.636905,0.627189,0.616506,0.604873,0.592307,0.578827,0.564455,0.549213,0.533124,0.516213,0.498505,0.48003,0.460814,0.440887,0.420281,0.399027,0.377157,0.354706,0.331708,0.308198,0.284213,0.25979,0.234967,0.209781,0.184271,0.158478,0.13244,0.106198,0.079792,0.0532631,0.0266521,3.6831e-17,-0.0266521,-0.0532631,-0.079792,-0.106198,-0.13244,-0.158478,-0.184271,-0.209781,-0.234967,-0.25979,-0.284213,-0.308198,-0.331708,-0.354706,-0.377157,-0.399027,-0.420281,-0.440887,-0.460814,-0.48003,-0.498505,-0.516213,-0.533124,-0.549213,-0.564455,-0.578827,-0.592307,-0.604873,-0.616506,-0.627189,-0.636905,-0.645639,-0.653377,-0.660107,-0.66582,-0.670507,-0.674159,-0.676772,-0.678341,-0.678865,-0.678341,-0.676772,-0.674159,-0.670507,-0.66582,-0.660107,-0.653377,-0.645639,-0.636905,-0.627189,-0.616506,-0.604873,-0.592307,-0.578827,-0.564455,-0.549213,-0.533124,-0.516213,-0.498505,-0.48003,-0.460814,-0.440887,-0.420281,-0.399027,-0.377157,-0.354706,-0.331708,-0.308198,-0.284213,-0.25979,-0.234967,-0.209781,-0.184271,-0.158478,-0.13244,-0.106198,-0.079792,-0.0532631,-0.0266521,0
0,0.0254996,0.0509599,0.0763416,0.101606,0.126713,0.151625,0.176303,0.200709,0.224806,0.248556,0.271923,0.294871,0.317364,0.339368,0.360848,0.381772,0.402107,0.421822,0.440887,0.459272,0.476949,0.493891,0.51007,0.525464,0.540047,0.553798,0.566694,0.578717,0.589847,0.600068,0.609364,0.61772,0.625123,0.631563,0.637029,0.641513,0.645007,0.647507,0.649008,0.649509,0.649008,0.647507,0.645007,0.641513,0.637029,0.631563,0.625123,0.61772,0.609364,0.600068,0.589847,0.578717,0.566694,0.553798,0.540047,0.525464,0.51007,0.493891,0.476949,0.459272,0.440887,0.421822,0.402107,0.381772,0.360848,0.339368,0.317364,0.294871,0.271923,0.248556,0.224806,0.200709,0.176303,0.151625,0.126713,0.101606,0.0763416,0.0509599,0.0254996,4.52125e-17,-0.0254996,-0.0509599,-0.0763416,-0.101606,-0.126713,-0.151625,-0.176303,-0.200709,-0.224806,-0.248556,-0.271923,-0.294871,-0.317364,-0.339368,-0.360848,-0.381772,-0.402107,-0.421822,-0.440887,-0.459272,-0.476949,-0.493891,-0.51007,-0.525464,-0.540047,-0.553798,-0.566694,-0.578717,-0.589847,-0.600068,-0.609364,-0.61772,-0.625123,-0.631563,-0.637029,-0.641513,-0.645007,-0.647507,-0.649008,-0.649509,-0.649008,-0.647507,-0.645007,-0.641513,-0.637029,-0.631563,-0.625123,-0.61772,-0.609364,-0.600068,-0.589847,-0.578717,-0.566694,-0.553798,-0.540047,-0.525464,-0.51007,-0.493891,-0.476949,-0.459272,-0.440887,-0.421822,-0.402107,-0.381772,-0.360848,-0.339368,-0.317364,-0.294871,-0.271923,-0.248556,-0.224806,-0.200709,-0.176303,-0.151625,-0.126713,-0.101606,-0.0763416,-0.0509599,-0.0254996,0
0,0.0243078,0.0485781,0.0727735,0.0968567,0.120791,0.144538,0.168063,0.191329,0.214299,0.236939,0.259214,0.281089,0.302531,0.323506,0.343982,0.363928,0.383313,0.402107,0.420281,0.437807,0.454657,0.470807,0.486231,0.500905,0.514806,0.527914,0.540208,0.551669,0.562279,0.572022,0.580883,0.588849,0.595906,0.602045,0.607255,0.611529,0.61486,0.617243,0.618675,0.619152,0.618675,0.617243,0.61486,0.611529,0.607255,0.602045,0.595906,0.588849,0.580883,0.572022,0.562279,0.551669,0.540208,0.527914,0.514806,0.500905,0.486231,0.470807,0.454657,0.437807,0.420281,0.402107,0.383313,0.363928,0.343982,0.323506,0.302531,0.281089,0.259214,0.236939,0.214299,0.191329,0.168063,0.144538,0.120791,0.0968567,0.0727735,0.0485781,0.0243078,3.24719e-17,-0.0243078,-0.0485781,-0.0727735,-0.0968567,-0.120791,-0.144538,-0.168063,-0.191329,-0.214299,-0.236939,-0.259214,-0.281089,-0.302531,-0.323506,-0.343982,-0.363928,-0.383313,-0.402107,-0.420281,-0.437807,-0.454657,-0.470807,-0.486231,-0.500905,-0.514806,-0.527914,-0.540208,-0.551669,-0.562279,-0.572022,-0.580883,-0.588849,-0.595906,-0.602045,-0.607255,-0.611529,-0.61486,-0.617243,-0.618675,-0.619152,-0.618675,-0.617243,-0.61486,-0.611529,-0.607255,-0.602045,-0.595906,-0.588849,-0.580883,-0.572022,-0.562279,-0.551669,-0.540208,-0.527914,-0.514806,-0.500905,-0.486231,-0.470807,-0.454657,-0.437807,-0.420281,-0.402107,-0.383313,-0.363928,-0.343982,-0.323506,-0.302531,-0.281089,-0.259214,-0.236939,-0.214299,-0.191329,-0.168063,-0.144538,-0.120791,-0.0968567,-0.0727735,-0.0485781,-0.0243078,0
0,0.0230785,0.0461214,0.0690932,0.0919585,0.114682,0.137229,0.159564,0.181653,0.203462,0.224957,0.246105,0.266874,0.287231,0.307146,0.326587,0.345524,0.363928,0.381772,0.399027,0.415666,0.431664,0.446997,0.461641,0.475573,0.488771,0.501216,0.512888,0.52377,0.533843,0.543094,0.551507,0.55907,0.56577,0.571598,0.576545,0.580603,0.583766,0.586028,0.587387,0.58784,0.587387,0.586028,0.583766,0.580603,0.576545,0.571598,0.56577,0.55907,0.551507,0.543094,0.533843,0.52377,0.512888,0.501216,0.488771,0.475573,0.461641,0.446997,0.431664,0.415666,0.399027,0.381772,0.363928,0.345524,0.326587,0.307146,0.287231,0.266874,0.246105,0.224957,0.203462,0.181653,0.159564,0.137229,0.114682,0.0919585,0.0690932,0.0461214,0.0230785,4.03893e-17,-0.0230785,-0.0461214,-0.0690932,-0.0919585,-0.114682,-0.137229,-0.159564,-0.181653,-0.203462,-0.224957,-0.246105,-0.266874,-0.287231,-0.307146,-0.326587,-0.345524,-0.363928,-0.381772,-0.399027,-0.415666,-0.431664,-0.446997,-0.461641,-0.475573,-0.488771,-0.501216,-0.512888,-0.52377,-0.533843,-0.543094,-0.551507,-0.55907,-0.56577,-0.571598,-0.576545,-0.580603,-0.583766,-0.586028,-0.587387,-0.58784,-0.587387,-0.586028,-0.583766,-0.580603,-0.576545,-0.571598,-0.56577,-0.55907,-0.551507,-0.543094,-0.533843,-0.52377,-0.512888,-0.501216,-0.488771,-0.475573,-0.461641,-0.446997,-0.431664,-0.415666,-0.399027,-0.381772,-0.363928,-0.345524,-0.326587,-0.307146,-0.287231,-0.266874,-0.246105,-0.224957,-0.203462,-0.181653,-0.159564,-0.137229,-0.114682,-0.0919585,-0.0690932,-0.0461214,-0.0230785,0
0,0.0218136,0.0435936,0.0653064,0.0869185,0.108397,0.129707,0.150818,0.171697,0.19231,0.212627,0.232617,0.252247,0.271489,0.290312,0.308687,0.326587,0.343982,0.360848,0.377157,0.392884,0.408006,0.422499,0.43634,0.449508,0.461983,0.473746,0.484778,0.495063,0.504585,0.513328,0.52128,0.528428,0.534762,0.540271,0.544946,0.548782,0.551771,0.55391,0.555194,0.555622,0.555194,0.55391,0.551771,0.548782,0.544946,0.540271,0.534762,0.528428,0.52128,0.513328,0.504585,0.495063,0.484778,0.473746,0.461983,0.449508,0.43634,0.422499,0.408006,0.392884,0.377157,0.360848,0.343982,0.326587,0.308687,0.290312,0.271489,0.252247,0.232617,0.212627,0.19231,0.171697,0.150818,0.129707,0.108397,0.0869185,0.0653064,0.0435936,0.0218136,2.8126e-17,-0.0218136,-0.0435936,-0.0653064,-0.0869185,-0.108397,-0.129707,-0.150818,-0.171697,-0.19231,-0.212627,-0.232617,-0.252247,-0.271489,-0.290312,-0.308687,-0.326587,-0.343982,-0.360848,-0.377157,-0.392884,-0.408006,-0.422499,-0.43634,-0.449508,-0.461983,-0.473746,-0.484778,-0.495063,-0.504585,-0.513328,-0.52128,-0.528428,-0.534762,-0.540271,-0.544946,-0.548782,-0.551771,-0.55391,-0.555194,-0.555622,-0.555194,-0.55391,-0.551771,-0.548782,-0.544946,-0.540271,-0.534762,-0.528428,-0.52128,-0.513328,-0.504585,-0.495063,-0.484778,-0.473746,-0.461983,-0.449508,-0.43634,-0.422499,-0.408006,-0.392884,-0.377157,-0.360848,-0.343982,-0.326587,-0.308687,-0.290312,-0.271489,-0.252247,-0.232617,-0.212627,-0.19231,-0.171697,-0.150818,-0.129707,-0.108397,-0.0869185,-0.0653064,-0.0435936,-0.0218136,0
0,0.0205151,0.0409986,0.0614189,0.0817445,0.101944,0.121986,0.141841,0.161476,0.180863,0.19997,0.21877,0.237232,0.255328,0.27303,0.290312,0.307146,0.323506,0.339368,0.354706,0.369497,0.383719,0.397348,0.410366,0.42275,0.434482,0.445545,0.455921,0.465593,0.474548,0.482771,0.49025,0.496972,0.502929,0.50811,0.512507,0.516114,0.518926,0.520937,0.522145,0.522548,0.522145,0.520937,0.518926,0.516114,0.512507,0.50811,0.502929,0.496972,0.49025,0.482771,0.474548,0.465593,0.455921,0.445545,0.434482,0.42275,0.410366,0.397348,0.383719,0.369497,0.354706,0.339368,0.323506,0.307146,0.290312,0.27303,0.255328,0.237232,0.21877,0.19997,0.180863,0.161476,0.141841,0.121986,0.101944,0.0817445,0.0614189,0.0409986,0.0205151,3.68262e-17,-0.0205151,-0.0409986,-0.0614189,-0.0817445,-0.101944,-0.121986,-0.141841,-0.161476,-0.180863,-0.19997,-0.21877,-0.237232,-0.255328,-0.27303,-0.290312,-0.307146,-0.323506,-0.339368,-0.354706,-0.369497,-0.383719,-0.397348,-0.410366,-0.42275,-0.434482,-0.445545,-0.455921,-0.465593,-0.474548,-0.482771,-0.49025,-0.496972,-0.502929,-0.50811,-0.512507,-0.516114,-0.518926,-0.520937,-0.522145,-0.522548,-0.522145,-0.520937,-0.518926,-0.516114,-0.512507,-0.50811,-0.502929,-0.496972,-0.49025,-0.482771,-0.474548,-0.465593,-0.455921,-0.445545,-0.434482,-0.42275,-0.410366,-0.397348,-0.383719,-0.369497,-0.354706,-0.339368,-0.323506,-0.307146,-0.290312,-0.27303,-0.255328,-0.237232,-0.21877,-0.19997,-0.180863,-0.161476,-0.141841,-0.121986,-0.101944,-0.0817445,-0.0614189,-0.0409986,-0.0205151,0
